RR 3
0000:    0  100   10   10 2 |   201   201   101     0
0001:  500  100   20   10 4 |   627   127    27     0
SUM: 627 31.90 20.41 164.00 0.00 0.319
RR 4
0000:    0  100   10   10 2 |   201   201   101     0
0001:  500  100   20   10 4 |   627   127    27     0
SUM: 627 31.90 20.41 164.00 0.00 0.319
RR 10
0000:    0  100   10   10 2 |   201   201   101     0
0001:  500  100   20   10 4 |   627   127    27     0
SUM: 627 31.90 20.41 164.00 0.00 0.319
PRIO 5
0000:    0  100   10   10 2 |   201   201   101     0
0001:  500  100   20   10 5 |   627   127    27     0
SUM: 627 31.90 20.41 164.00 0.00 0.319
PRIO 4
0000:    0  100   10   10 2 |   201   201   101     0
0001:  500  100   20   10 5 |   627   127    27     0
SUM: 627 31.90 20.41 164.00 0.00 0.319
PREPRIO 20
0000:    0  100   10   10 2 |   201   201   101     0
0001:  500  100   20   10 4 |   627   127    27     0
SUM: 627 31.90 20.41 164.00 0.00 0.319
PREPRIO 4
0000:    0  100   10   10 6 |   201   201   101     0
0001:  500  100   20   10 2 |   627   127    27     0
SUM: 627 31.90 20.41 164.00 0.00 0.319
PREPRIO 2
0000:    0  100   10   10 3 |   201   201   101     0
0001:  500  100   20   10 2 |   627   127    27     0
SUM: 627 31.90 20.41 164.00 0.00 0.319
PREPRIO 1
0000:    0  100   10   10 1 |   201   201   101     0
0001:  500  100   20   10 1 |   627   127    27     0
SUM: 627 31.90 20.41 164.00 0.00 0.319
RR 3
0000:    1  200   10   20 2 |   524   523   323     0
0001: 1000  200   21   11 4 |  1297   297    97     0
0002: 3000  200   32   12 2 |  3258   258    58     0
0003: 5000  200   43   13 4 |  5261   261    61     0
0004: 8000  200   54   14 4 |  8249   249    49     0
SUM: 8249 12.12 7.13 317.60 0.00 0.061
RR 4
0000:    1  200   10   20 2 |   524   523   323     0
0001: 1000  200   21   11 4 |  1297   297    97     0
0002: 3000  200   32   12 2 |  3258   258    58     0
0003: 5000  200   43   13 4 |  5261   261    61     0
0004: 8000  200   54   14 4 |  8249   249    49     0
SUM: 8249 12.12 7.13 317.60 0.00 0.061
RR 10
0000:    1  200   10   20 2 |   524   523   323     0
0001: 1000  200   21   11 4 |  1297   297    97     0
0002: 3000  200   32   12 2 |  3258   258    58     0
0003: 5000  200   43   13 4 |  5261   261    61     0
0004: 8000  200   54   14 4 |  8249   249    49     0
SUM: 8249 12.12 7.13 317.60 0.00 0.061
PRIO 5
0000:    1  200   10   20 2 |   524   523   323     0
0001: 1000  200   21   11 5 |  1297   297    97     0
0002: 3000  200   32   12 3 |  3258   258    58     0
0003: 5000  200   43   13 2 |  5261   261    61     0
0004: 8000  200   54   14 5 |  8249   249    49     0
SUM: 8249 12.12 7.13 317.60 0.00 0.061
PRIO 4
0000:    1  200   10   20 2 |   524   523   323     0
0001: 1000  200   21   11 5 |  1297   297    97     0
0002: 3000  200   32   12 3 |  3258   258    58     0
0003: 5000  200   43   13 2 |  5261   261    61     0
0004: 8000  200   54   14 5 |  8249   249    49     0
SUM: 8249 12.12 7.13 317.60 0.00 0.061
PREPRIO 20
0000:    1  200   10   20 2 |   524   523   323     0
0001: 1000  200   21   11 4 |  1297   297    97     0
0002: 3000  200   32   12 2 |  3258   258    58     0
0003: 5000  200   43   13 4 |  5261   261    61     0
0004: 8000  200   54   14 4 |  8249   249    49     0
SUM: 8249 12.12 7.13 317.60 0.00 0.061
PREPRIO 4
0000:    1  200   10   20 6 |   524   523   323     0
0001: 1000  200   21   11 2 |  1297   297    97     0
0002: 3000  200   32   12 4 |  3258   258    58     0
0003: 5000  200   43   13 6 |  5261   261    61     0
0004: 8000  200   54   14 2 |  8249   249    49     0
SUM: 8249 12.12 7.13 317.60 0.00 0.061
PREPRIO 2
0000:    1  200   10   20 3 |   524   523   323     0
0001: 1000  200   21   11 2 |  1297   297    97     0
0002: 3000  200   32   12 1 |  3258   258    58     0
0003: 5000  200   43   13 3 |  5261   261    61     0
0004: 8000  200   54   14 2 |  8249   249    49     0
SUM: 8249 12.12 7.13 317.60 0.00 0.061
PREPRIO 1
0000:    1  200   10   20 1 |   524   523   323     0
0001: 1000  200   21   11 1 |  1297   297    97     0
0002: 3000  200   32   12 1 |  3258   258    58     0
0003: 5000  200   43   13 1 |  5261   261    61     0
0004: 8000  200   54   14 1 |  8249   249    49     0
SUM: 8249 12.12 7.13 317.60 0.00 0.061
RR 3
0000:    1   20   10   80 2 |   154   153   132     1
0001:    1   20   10   70 4 |   108   107    77    10
0002:    1   20   10   60 2 |   211   210   176    14
SUM: 211 28.44 96.21 156.67 8.33 1.422
RR 4
0000:    1   20   10   80 2 |    88    87    54    13
0001:    1   20   10   70 4 |   124   123    93    10
0002:    1   20   10   60 2 |    90    89    53    16
SUM: 124 48.39 91.13 99.67 13.00 2.419
RR 10
0000:    1   20   10   80 2 |   209   208   188     0
0001:    1   20   10   70 4 |   148   147   125     2
0002:    1   20   10   60 2 |    68    67    38     9
SUM: 209 28.71 95.69 140.67 3.67 1.435
PRIO 5
0000:    1   20   10   80 2 |   167   166   129    17
0001:    1   20   10   70 5 |   171   170   150     0
0002:    1   20   10   60 3 |   134   133   102    11
SUM: 171 35.09 95.91 156.33 9.33 1.754
PRIO 4
0000:    1   20   10   80 2 |   167   166   129    17
0001:    1   20   10   70 5 |   171   170   150     0
0002:    1   20   10   60 3 |   134   133   102    11
SUM: 171 35.09 95.91 156.33 9.33 1.754
PREPRIO 20
0000:    1   20   10   80 2 |   138   137   115     2
0001:    1   20   10   70 4 |   132   131   111     0
0002:    1   20   10   60 2 |   162   161   117    24
SUM: 162 37.04 91.98 143.00 8.67 1.852
PREPRIO 4
0000:    1   20   10   80 6 |   206   205   185     0
0001:    1   20   10   70 2 |   143   142   108    14
0002:    1   20   10   60 4 |    87    86    63     3
SUM: 206 29.13 93.20 144.33 5.67 1.456
PREPRIO 2
0000:    1   20   10   80 3 |   137   136   111     5
0001:    1   20   10   70 2 |   102   101    70    11
0002:    1   20   10   60 1 |   133   132    99    13
SUM: 137 43.80 97.08 123.00 9.67 2.190
PREPRIO 1
0000:    1   20   10   80 1 |   200   199   176     3
0001:    1   20   10   70 1 |   139   138   108    10
0002:    1   20   10   60 1 |    60    59    30     9
SUM: 200 30.00 89.50 132.00 7.33 1.500
RR 3
0000:    1  100   20   20 2 |   281   280   105    75
0001:    1  100   30   10 4 |   208   207    35    72
0002:    1   31   10    5 2 |   114   113    19    63
0003: 1000   50   10    5 4 |  1073    73    23     0
SUM: 1073 26.19 16.03 168.25 52.50 0.373
RR 4
0000:    1  100   20   20 2 |   306   305   144    61
0001:    1  100   30   10 4 |   190   189    20    69
0002:    1   31   10    5 2 |    98    97     8    58
0003: 1000   50   10    5 4 |  1075    75    25     0
SUM: 1075 26.14 18.14 166.50 47.00 0.372
RR 10
0000:    1  100   20   20 2 |   286   285   105    80
0001:    1  100   30   10 4 |   215   214    30    84
0002:    1   31   10    5 2 |   151   150    23    96
0003: 1000   50   10    5 4 |  1073    73    23     0
SUM: 1073 26.19 15.19 180.50 65.00 0.373
PRIO 5
0000:    1  100   20   20 2 |   316   315   141    74
0001:    1  100   30   10 5 |   181   180    40    40
0002:    1   31   10    5 3 |   123   122    29    62
0003: 1000   50   10    5 2 |  1071    71    21     0
SUM: 1071 26.24 17.93 172.00 44.00 0.373
PRIO 4
0000:    1  100   20   20 2 |   337   336   169    67
0001:    1  100   30   10 5 |   182   181    32    49
0002:    1   31   10    5 3 |    93    92    13    48
0003: 1000   50   10    5 2 |  1071    71    21     0
SUM: 1071 26.24 20.45 170.00 41.00 0.373
PREPRIO 20
0000:    1  100   20   20 2 |   352   351   173    78
0001:    1  100   30   10 4 |   116   115    15     0
0002:    1   31   10    5 2 |   157   156    11   114
0003: 1000   50   10    5 4 |  1074    74    24     0
SUM: 1074 26.16 20.30 174.00 48.00 0.372
PREPRIO 4
0000:    1  100   20   20 6 |   242   241   107    34
0001:    1  100   30   10 2 |   254   253    24   129
0002:    1   31   10    5 4 |    60    59     8    20
0003: 1000   50   10    5 6 |  1078    78    28     0
SUM: 1078 26.07 13.17 157.75 45.75 0.371
PREPRIO 2
0000:    1  100   20   20 3 |   258   257    97    60
0001:    1  100   30   10 2 |   238   237    27   110
0002:    1   31   10    5 1 |   153   152    11   110
0003: 1000   50   10    5 3 |  1079    79    29     0
SUM: 1079 26.04 13.62 181.25 70.00 0.371
PREPRIO 1
0000:    1  100   20   20 1 |   340   339   192    47
0001:    1  100   30   10 1 |   180   179    19    60
0002:    1   31   10    5 1 |    86    85     8    46
0003: 1000   50   10    5 1 |  1073    73    23     0
SUM: 1073 26.19 21.16 169.00 38.25 0.373
RR 3
0000:    0  200   40   90 2 |   616   616   325    91
0001:   40  100   10   40 4 |   585   545   384    61
0002:   50   20   10   10 2 |    98    48     9    19
0003:   60  200    5   20 4 |  1070  1010   743    67
SUM: 1070 48.60 82.99 554.75 59.50 0.374
RR 4
0000:    0  200   40   90 2 |   650   650   376    74
0001:   40  100   10   40 4 |   586   546   399    47
0002:   50   20   10   10 2 |    85    35     5    10
0003:   60  200    5   20 4 |  1091  1031   785    46
SUM: 1091 47.66 86.07 565.50 44.25 0.367
RR 10
0000:    0  200   40   90 2 |   677   677   410    67
0001:   40  100   10   40 4 |   493   453   305    48
0002:   50   20   10   10 2 |    82    32    10     2
0003:   60  200    5   20 4 |  1092  1032   736    96
SUM: 1092 47.62 83.88 548.50 53.25 0.366
PRIO 5
0000:    0  200   40   90 2 |   741   741   458    83
0001:   40  100   10   40 5 |   439   399   282    17
0002:   50   20   10   10 3 |    87    37     9     8
0003:   60  200    5   20 2 |  1049   989   727    62
SUM: 1049 49.57 85.61 541.50 42.50 0.381
PRIO 4
0000:    0  200   40   90 2 |   629   629   329   100
0001:   40  100   10   40 5 |   490   450   335    15
0002:   50   20   10   10 3 |    85    35     5    10
0003:   60  200    5   20 2 |  1102  1042   777    65
SUM: 1102 47.19 83.12 539.00 47.50 0.363
PREPRIO 20
0000:    0  200   40   90 2 |   530   530   220   110
0001:   40  100   10   40 4 |   383   343   237     6
0002:   50   20   10   10 2 |    91    41     7    14
0003:   60  200    5   20 4 |  1019   959   725    34
SUM: 1019 51.03 81.26 468.25 41.00 0.393
PREPRIO 4
0000:    0  200   40   90 6 |   621   621   367    54
0001:   40  100   10   40 2 |   636   596   361   135
0002:   50   20   10   10 4 |   133    83    15    48
0003:   60  200    5   20 6 |  1003   943   739     4
SUM: 1003 51.84 86.34 560.75 60.25 0.399
PREPRIO 2
0000:    0  200   40   90 3 |   559   559   236   123
0001:   40  100   10   40 2 |   516   476   289    87
0002:   50   20   10   10 1 |   155   105    11    74
0003:   60  200    5   20 3 |  1020   960   731    29
SUM: 1020 50.98 82.35 525.00 78.25 0.392
PREPRIO 1
0000:    0  200   40   90 1 |   569   569   273    96
0001:   40  100   10   40 1 |   497   457   290    67
0002:   50   20   10   10 1 |    93    43     3    20
0003:   60  200    5   20 1 |  1133  1073   818    55
SUM: 1133 45.90 83.05 535.50 59.50 0.353
RR 3
0000:    0  400   50   50 2 |  1176  1176   467   309
0001:  101  300   41   40 4 |  1143  1042   404   338
0002:  202  200   32   50 2 |  1061   859   358   301
0003:  303  100   23   10 4 |   599   296    32   164
SUM: 1176 85.03 66.50 843.25 278.00 0.340
RR 4
0000:    0  400   50   50 2 |  1281  1281   526   355
0001:  101  300   41   40 4 |  1084   983   328   355
0002:  202  200   32   50 2 |   969   767   260   307
0003:  303  100   23   10 4 |   663   360    58   202
SUM: 1281 78.06 63.00 847.75 304.75 0.312
RR 10
0000:    0  400   50   50 2 |  1201  1201   413   388
0001:  101  300   41   40 4 |  1166  1065   381   384
0002:  202  200   32   50 2 |  1089   887   342   345
0003:  303  100   23   10 4 |   690   387    51   236
SUM: 1201 83.26 59.37 885.00 338.25 0.333
PRIO 5
0000:    0  400   50   50 2 |  1365  1365   473   492
0001:  101  300   41   40 5 |   798   697   245   152
0002:  202  200   32   50 3 |  1020   818   260   358
0003:  303  100   23   10 2 |   761   458    54   304
SUM: 1365 73.26 53.04 834.50 326.50 0.293
PRIO 4
0000:    0  400   50   50 2 |  1339  1339   406   533
0001:  101  300   41   40 5 |   851   750   247   203
0002:  202  200   32   50 3 |  1008   806   281   325
0003:  303  100   23   10 2 |   827   524    55   369
SUM: 1339 74.68 53.47 854.75 357.50 0.299
PREPRIO 20
0000:    0  400   50   50 2 |  1339  1339   450   489
0001:  101  300   41   40 4 |   801   700   358    42
0002:  202  200   32   50 2 |   959   757   250   307
0003:  303  100   23   10 4 |   491   188    53    35
SUM: 1339 74.68 66.39 746.00 218.25 0.299
PREPRIO 4
0000:    0  400   50   50 6 |  1033  1033   426   207
0001:  101  300   41   40 2 |  1221  1120   305   515
0002:  202  200   32   50 4 |  1100   898   426   272
0003:  303  100   23   10 6 |   486   183    27    56
SUM: 1221 81.90 63.80 808.50 262.50 0.328
PREPRIO 2
0000:    0  400   50   50 3 |  1078  1078   383   295
0001:  101  300   41   40 2 |   999   898   206   392
0002:  202  200   32   50 1 |  1283  1081   410   471
0003:  303  100   23   10 3 |   559   256    30   126
SUM: 1283 77.94 56.82 828.25 321.00 0.312
PREPRIO 1
0000:    0  400   50   50 1 |  1277  1277   491   386
0001:  101  300   41   40 1 |  1116  1015   373   342
0002:  202  200   32   50 1 |   969   767   248   319
0003:  303  100   23   10 1 |   648   345    38   207
SUM: 1277 78.31 62.41 851.00 313.50 0.313
RR 3
0000:    0  399   50   50 2 |  3008  3008   496  2113
0001:    1  300   40   40 4 |  2603  2602   246  2056
0002:    5  200   30   50 2 |  2041  2036   292  1544
0003:    5  301   20   10 4 |  2688  2683   143  2239
0004:    9  302   20   20 4 |  2751  2742   288  2152
0005:   10  303   15   30 1 |  2904  2894   562  2029
0006:   10  304    5   40 3 |  3656  3646  1680  1662
0007:   11  305   20   40 3 |  2820  2809   457  2047
0008:   20  306   20   10 3 |  2723  2703   153  2244
0009:   50  307   20   10 1 |  2741  2691   180  2204
SUM: 3656 82.80 77.84 2781.40 2029.00 0.274
RR 4
0000:    0  399   50   50 2 |  2931  2931   429  2103
0001:    1  300   40   40 4 |  2504  2503   243  1960
0002:    5  200   30   50 2 |  2000  1995   307  1488
0003:    5  301   20   10 4 |  2509  2504   109  2094
0004:    9  302   20   20 4 |  2743  2734   395  2037
0005:   10  303   15   30 1 |  2824  2814   610  1901
0006:   10  304    5   40 3 |  3977  3967  2134  1529
0007:   11  305   20   40 3 |  2909  2898   671  1922
0008:   20  306   20   10 3 |  2644  2624   129  2189
0009:   50  307   20   10 1 |  2667  2617   158  2152
SUM: 3977 76.11 80.54 2758.70 1937.50 0.251
RR 10
0000:    0  399   50   50 2 |  2770  2770   324  2047
0001:    1  300   40   40 4 |  2504  2503   373  1830
0002:    5  200   30   50 2 |  2099  2094   430  1464
0003:    5  301   20   10 4 |  2669  2664   180  2183
0004:    9  302   20   20 4 |  2595  2586   276  2008
0005:   10  303   15   30 1 |  2931  2921   578  2040
0006:   10  304    5   40 3 |  4114  4104  1932  1868
0007:   11  305   20   40 3 |  2797  2786   578  1903
0008:   20  306   20   10 3 |  2632  2612   130  2176
0009:   50  307   20   10 1 |  2760  2710   171  2232
SUM: 4114 73.58 81.82 2775.00 1975.10 0.243
PRIO 5
0000:    0  399   50   50 2 |  3025  3025   285  2341
0001:    1  300   40   40 5 |  1499  1498   233   965
0002:    5  200   30   50 3 |  1862  1857   371  1286
0003:    5  301   20   10 2 |  2557  2552   183  2068
0004:    9  302   20   20 5 |   812   803   285   216
0005:   10  303   15   30 2 |  2692  2682   594  1785
0006:   10  304    5   40 2 |  2877  2867  1735   828
0007:   11  305   20   40 4 |  1655  1644   638   701
0008:   20  306   20   10 2 |  2589  2569   151  2112
0009:   50  307   20   10 1 |  3084  3034   157  2570
SUM: 3084 98.15 81.84 2253.10 1487.20 0.324
PRIO 4
0000:    0  399   50   50 2 |  3128  3128   495  2234
0001:    1  300   40   40 5 |  1836  1835   248  1287
0002:    5  200   30   50 3 |  1988  1983   315  1468
0003:    5  301   20   10 2 |  2484  2479   162  2016
0004:    9  302   20   20 5 |  1081  1072   324   446
0005:   10  303   15   30 2 |  2629  2619   598  1718
0006:   10  304    5   40 2 |  3332  3322  2065   953
0007:   11  305   20   40 4 |  1913  1902   481  1116
0008:   20  306   20   10 2 |  2581  2561   140  2115
0009:   50  307   20   10 1 |  2975  2925   160  2458
SUM: 3332 90.85 84.45 2382.60 1581.10 0.300
PREPRIO 20
0000:    0  399   50   50 2 |  2773  2773   280  2094
0001:    1  300   40   40 4 |  1304  1303   201   802
0002:    5  200   30   50 2 |  2544  2539   543  1796
0003:    5  301   20   10 4 |   575   570   135   134
0004:    9  302   20   20 4 |   805   796   345   149
0005:   10  303   15   30 1 |  3384  3374   652  2419
0006:   10  304    5   40 3 |  3002  2992  1813   875
0007:   11  305   20   40 3 |  1925  1914   556  1053
0008:   20  306   20   10 3 |  1578  1558   163  1089
0009:   50  307   20   10 1 |  2940  2890   169  2414
SUM: 3384 89.45 83.27 2070.90 1282.50 0.296
PREPRIO 4
0000:    0  399   50   50 6 |  2065  2065   250  1416
0001:    1  300   40   40 2 |  2943  2942   256  2386
0002:    5  200   30   50 4 |  1729  1724   327  1197
0003:    5  301   20   10 6 |   730   725   156   268
0004:    9  302   20   20 2 |  2893  2884   417  2165
0005:   10  303   15   30 3 |  2545  2535   509  1723
0006:   10  304    5   40 3 |  2587  2577  1644   629
0007:   11  305   20   40 1 |  3301  3290   431  2554
0008:   20  306   20   10 3 |  2365  2345   142  1897
0009:   50  307   20   10 3 |  2338  2288   191  1790
SUM: 3301 91.70 78.82 2337.50 1602.50 0.303
PREPRIO 2
0000:    0  399   50   50 3 |  2801  2801   432  1970
0001:    1  300   40   40 2 |  2893  2892   280  2312
0002:    5  200   30   50 1 |  2986  2981   306  2475
0003:    5  301   20   10 3 |  2151  2146   131  1714
0004:    9  302   20   20 2 |  2780  2771   325  2144
0005:   10  303   15   30 3 |  2346  2336   626  1407
0006:   10  304    5   40 3 |  2717  2707  1811   592
0007:   11  305   20   40 1 |  3240  3229   406  2518
0008:   20  306   20   10 3 |  2218  2198   122  1770
0009:   50  307   20   10 3 |  2108  2058   161  1590
SUM: 3240 93.43 80.90 2611.90 1849.20 0.309
PREPRIO 1
0000:    0  399   50   50 1 |  3024  3024   350  2275
0001:    1  300   40   40 1 |  2774  2773   288  2185
0002:    5  200   30   50 1 |  2123  2118   369  1549
0003:    5  301   20   10 1 |  2636  2631   163  2167
0004:    9  302   20   20 1 |  2738  2729   266  2161
0005:   10  303   15   30 1 |  2863  2853   560  1990
0006:   10  304    5   40 1 |  3622  3612  2041  1267
0007:   11  305   20   40 1 |  2885  2874   543  2026
0008:   20  306   20   10 1 |  2670  2650   150  2194
0009:   50  307   20   10 1 |  2744  2694   184  2203
SUM: 3622 83.57 83.52 2795.80 2001.70 0.276
RR 3
0000:    0  400   50   50 2 |  9117  9117   404  8313
0001:    0  300   40   40 4 |  8190  8190   199  7691
0002:    1  200   30   50 2 |  5661  5660   346  5114
0003:    1  301   20   10 4 |  8526  8525   111  8113
0004:    9  302   20   20 4 |  8928  8919   243  8374
0005:   10  303   15   30 1 |  8945  8935   524  8108
0006:   10  304    5   40 3 |  9796  9786  2128  7354
0007:   11  305   20   40 3 |  8948  8937   553  8079
0008:   20  306   20   10 3 |  8961  8941   179  8456
0009:   50  307   20   10 1 |  8839  8789   131  8351
0010:   50  307   20   10 1 |  8808  8758   138  8313
0011:   50  307   20   10 3 |  8979  8929   182  8440
0012:   50  307   20   10 3 |  8810  8760   151  8302
0013:   50  307   20   10 4 |  8990  8940   135  8498
0014:   50  307   20   10 4 |  8943  8893   146  8440
0015:   50  307   20   10 2 |  9007  8957   241  8409
0016:   50  307   20   10 2 |  8876  8826   149  8370
0017:   50  307   20   10 2 |  8771  8721   149  8265
0018:   50  307   20   10 4 |  8982  8932   174  8451
0019:   50  307   20   10 4 |  8754  8704   135  8262
0020:   50  307   20   10 1 |  8702  8652   145  8200
0021:   50  307   20   10 1 |  8796  8746   125  8314
0022:   50  307   20   10 3 |  8879  8829   137  8385
0023:   50  307   20   10 2 |  8909  8859   170  8382
0024:   50  307   20   10 2 |  8996  8946   173  8466
0025:   50  307   20   10 1 |  8956  8906   166  8433
0026:   50  307   20   10 3 |  8877  8827   141  8379
0027:   50  307   20   10 1 |  8885  8835   143  8385
0028:   50  307   20   10 3 |  8830  8780   140  8333
0029:   50  307   20   10 4 |  9012  8962   180  8475
SUM: 9796 93.59 59.73 8752.03 8181.83 0.306
RR 4
0000:    0  400   50   50 2 |  9162  9162   416  8346
0001:    0  300   40   40 4 |  8162  8162   284  7578
0002:    1  200   30   50 2 |  5673  5672   397  5075
0003:    1  301   20   10 4 |  8186  8185   118  7766
0004:    9  302   20   20 4 |  8846  8837   332  8203
0005:   10  303   15   30 1 |  9034  9024   622  8099
0006:   10  304    5   40 3 |  9941  9931  2270  7357
0007:   11  305   20   40 3 |  8983  8972   585  8082
0008:   20  306   20   10 3 |  8721  8701   128  8267
0009:   50  307   20   10 1 |  8925  8875   175  8393
0010:   50  307   20   10 1 |  8755  8705   141  8257
0011:   50  307   20   10 3 |  8918  8868   123  8438
0012:   50  307   20   10 3 |  8818  8768   130  8331
0013:   50  307   20   10 4 |  8789  8739   173  8259
0014:   50  307   20   10 4 |  8947  8897   143  8447
0015:   50  307   20   10 2 |  9019  8969   212  8450
0016:   50  307   20   10 2 |  8987  8937   158  8472
0017:   50  307   20   10 2 |  8992  8942   162  8473
0018:   50  307   20   10 4 |  9006  8956   153  8496
0019:   50  307   20   10 4 |  8959  8909   175  8427
0020:   50  307   20   10 1 |  8924  8874   185  8382
0021:   50  307   20   10 1 |  8782  8732   159  8266
0022:   50  307   20   10 3 |  8611  8561   137  8117
0023:   50  307   20   10 2 |  8809  8759   162  8290
0024:   50  307   20   10 2 |  8990  8940   107  8526
0025:   50  307   20   10 1 |  8916  8866   156  8403
0026:   50  307   20   10 3 |  8908  8858   146  8405
0027:   50  307   20   10 1 |  8997  8947   150  8490
0028:   50  307   20   10 3 |  8822  8772   160  8305
0029:   50  307   20   10 4 |  8729  8679   129  8243
SUM: 9941 92.22 61.03 8739.97 8154.77 0.302
RR 10
0000:    0  400   50   50 2 |  8856  8856   373  8083
0001:    0  300   40   40 4 |  7425  7425   307  6818
0002:    1  200   30   50 2 |  5901  5900   330  5370
0003:    1  301   20   10 4 |  7982  7981   171  7509
0004:    9  302   20   20 4 |  8924  8915   361  8252
0005:   10  303   15   30 1 |  8969  8959   480  8176
0006:   10  304    5   40 3 | 10386 10376  2143  7929
0007:   11  305   20   40 3 |  8738  8727   603  7819
0008:   20  306   20   10 3 |  7794  7774   122  7346
0009:   50  307   20   10 1 |  8204  8154   147  7700
0010:   50  307   20   10 1 |  8819  8769   184  8278
0011:   50  307   20   10 3 |  8832  8782   172  8303
0012:   50  307   20   10 3 |  8893  8843   140  8396
0013:   50  307   20   10 4 |  8922  8872   176  8389
0014:   50  307   20   10 4 |  8660  8610   153  8150
0015:   50  307   20   10 2 |  8899  8849   195  8347
0016:   50  307   20   10 2 |  8758  8708   174  8227
0017:   50  307   20   10 2 |  8994  8944   232  8405
0018:   50  307   20   10 4 |  8572  8522   162  8053
0019:   50  307   20   10 4 |  8675  8625   171  8147
0020:   50  307   20   10 1 |  8865  8815   166  8342
0021:   50  307   20   10 1 |  8614  8564   169  8088
0022:   50  307   20   10 3 |  8782  8732   162  8263
0023:   50  307   20   10 2 |  8958  8908   191  8410
0024:   50  307   20   10 2 |  8709  8659   130  8222
0025:   50  307   20   10 1 |  8623  8573   140  8126
0026:   50  307   20   10 3 |  8326  8276   160  7809
0027:   50  307   20   10 1 |  8629  8579   146  8126
0028:   50  307   20   10 3 |  9010  8960   191  8462
0029:   50  307   20   10 4 |  8501  8451   145  7999
SUM: 10386 88.27 62.11 8570.27 7984.80 0.289
PRIO 5
0000:    0  400   50   50 2 |  8963  8963   468  8095
0001:    0  300   40   40 5 |  5851  5851   303  5248
0002:    1  200   30   50 3 |  6136  6135   334  5601
0003:    1  301   20   10 2 |  7743  7742   180  7261
0004:    9  302   20   20 5 |  1568  1559   312   945
0005:   10  303   15   30 2 |  8219  8209   702  7204
0006:   10  304    5   40 2 |  5227  5217  2224  2689
0007:   11  305   20   40 4 |  4051  4040   580  3155
0008:   20  306   20   10 2 |  8165  8145   136  7703
0009:   50  307   20   10 1 |  9177  9127   173  8647
0010:   50  307   20   10 4 |  3420  3370   105  2958
0011:   50  307   20   10 4 |  4182  4132   122  3703
0012:   50  307   20   10 1 |  9157  9107   134  8666
0013:   50  307   20   10 4 |  3747  3697   152  3238
0014:   50  307   20   10 1 |  9148  9098    97  8694
0015:   50  307   20   10 2 |  8126  8076   181  7588
0016:   50  307   20   10 2 |  8019  7969   179  7483
0017:   50  307   20   10 4 |  3706  3656   171  3178
0018:   50  307   20   10 2 |  8066  8016   160  7549
0019:   50  307   20   10 1 |  9160  9110   157  8646
0020:   50  307   20   10 4 |  3752  3702   173  3222
0021:   50  307   20   10 5 |  1526  1476   145  1024
0022:   50  307   20   10 4 |  3697  3647   187  3153
0023:   50  307   20   10 5 |  1549  1499   133  1059
0024:   50  307   20   10 2 |  8098  8048   159  7582
0025:   50  307   20   10 2 |  8099  8049   152  7590
0026:   50  307   20   10 3 |  6811  6761   154  6300
0027:   50  307   20   10 5 |  1406  1356   184   865
0028:   50  307   20   10 2 |  8012  7962   110  7545
0029:   50  307   20   10 2 |  7980  7930   122  7501
SUM: 9177 99.90 58.96 6054.97 5469.73 0.327
PRIO 4
0000:    0  400   50   50 2 |  8881  8881   427  8054
0001:    0  300   40   40 5 |  4505  4505   367  3838
0002:    1  200   30   50 3 |  6098  6097   379  5518
0003:    1  301   20   10 2 |  7755  7754   161  7292
0004:    9  302   20   20 5 |  1877  1868   326  1240
0005:   10  303   15   30 2 |  8144  8134   596  7235
0006:   10  304    5   40 2 |  7042  7032  2306  4422
0007:   11  305   20   40 4 |  5541  5530   424  4801
0008:   20  306   20   10 2 |  8233  8213   126  7781
0009:   50  307   20   10 1 |  9163  9113   150  8656
0010:   50  307   20   10 4 |  3995  3945   144  3494
0011:   50  307   20   10 4 |  5302  5252   132  4813
0012:   50  307   20   10 1 |  9152  9102   177  8618
0013:   50  307   20   10 4 |  5129  5079   162  4610
0014:   50  307   20   10 1 |  9168  9118   154  8657
0015:   50  307   20   10 2 |  8316  8266   172  7787
0016:   50  307   20   10 2 |  8315  8265   182  7776
0017:   50  307   20   10 4 |  5321  5271   155  4809
0018:   50  307   20   10 2 |  8067  8017   163  7547
0019:   50  307   20   10 1 |  9144  9094   138  8649
0020:   50  307   20   10 4 |  5513  5463   122  5034
0021:   50  307   20   10 5 |  1670  1620   172  1141
0022:   50  307   20   10 4 |  4606  4556   193  4056
0023:   50  307   20   10 5 |  2162  2112   135  1670
0024:   50  307   20   10 2 |  8090  8040   154  7579
0025:   50  307   20   10 2 |  8345  8295   174  7814
0026:   50  307   20   10 3 |  6853  6803   140  6356
0027:   50  307   20   10 5 |  2242  2192   162  1723
0028:   50  307   20   10 2 |  8362  8312   139  7866
0029:   50  307   20   10 2 |  7930  7880   187  7386
SUM: 9168 100.00 60.12 6460.30 5874.07 0.327
PREPRIO 20
0000:    0  400   50   50 2 |  8404  8404   299  7705
0001:    0  300   40   40 4 |  2778  2778   294  2184
0002:    1  200   30   50 2 |  7360  7359   270  6889
0003:    1  301   20   10 4 |  2202  2201   214  1686
0004:    9  302   20   20 4 |  2015  2006   325  1379
0005:   10  303   15   30 1 |  9134  9124   563  8258
0006:   10  304    5   40 3 |  6021  6011  2173  3534
0007:   11  305   20   40 3 |  4818  4807   697  3805
0008:   20  306   20   10 3 |  4918  4898   215  4377
0009:   50  307   20   10 1 |  9163  9113   146  8660
0010:   50  307   20   10 1 |  8327  8277   121  7849
0011:   50  307   20   10 3 |  4637  4587   134  4146
0012:   50  307   20   10 3 |  3241  3191   183  2701
0013:   50  307   20   10 4 |  2149  2099   121  1671
0014:   50  307   20   10 4 |  1994  1944   148  1489
0015:   50  307   20   10 2 |  6984  6934   140  6487
0016:   50  307   20   10 2 |  6894  6844   147  6390
0017:   50  307   20   10 2 |  6583  6533   195  6031
0018:   50  307   20   10 4 |  2117  2067   163  1597
0019:   50  307   20   10 4 |  2217  2167   158  1702
0020:   50  307   20   10 1 |  9172  9122   143  8672
0021:   50  307   20   10 1 |  8804  8754   200  8247
0022:   50  307   20   10 3 |  4812  4762   157  4298
0023:   50  307   20   10 2 |  6854  6804   180  6317
0024:   50  307   20   10 2 |  6868  6818   182  6329
0025:   50  307   20   10 1 |  8379  8329   173  7849
0026:   50  307   20   10 3 |  4710  4660   131  4222
0027:   50  307   20   10 1 |  8813  8763   177  8279
0028:   50  307   20   10 3 |  3670  3620   153  3160
0029:   50  307   20   10 4 |  2077  2027   138  1582
SUM: 9172 99.96 64.21 5500.10 4916.50 0.327
PREPRIO 4
0000:    0  400   50   50 6 |  6245  6245   393  5452
0001:    0  300   40   40 2 |  8282  8282   228  7754
0002:    1  200   30   50 4 |  4863  4862   198  4464
0003:    1  301   20   10 6 |  2999  2998   121  2576
0004:    9  302   20   20 2 |  8016  8007   240  7465
0005:   10  303   15   30 3 |  6656  6646   661  5682
0006:   10  304    5   40 3 |  4753  4743  1949  2490
0007:   11  305   20   40 1 |  9340  9329   780  8244
0008:   20  306   20   10 3 |  6782  6762   166  6290
0009:   50  307   20   10 3 |  6995  6945   165  6473
0010:   50  307   20   10 1 |  8989  8939   130  8502
0011:   50  307   20   10 1 |  9112  9062   176  8579
0012:   50  307   20   10 5 |  3938  3888   157  3424
0013:   50  307   20   10 4 |  5578  5528   150  5071
0014:   50  307   20   10 6 |  1041   991   151   533
0015:   50  307   20   10 2 |  8018  7968   139  7522
0016:   50  307   20   10 4 |  5220  5170   213  4650
0017:   50  307   20   10 4 |  5343  5293   162  4824
0018:   50  307   20   10 6 |  1645  1595   134  1154
0019:   50  307   20   10 2 |  8055  8005   159  7539
0020:   50  307   20   10 5 |  4542  4492   181  4004
0021:   50  307   20   10 3 |  6787  6737   171  6259
0022:   50  307   20   10 1 |  9100  9050   176  8567
0023:   50  307   20   10 6 |  2377  2327   140  1880
0024:   50  307   20   10 4 |  6455  6405   117  5981
0025:   50  307   20   10 5 |  4619  4569   119  4143
0026:   50  307   20   10 1 |  9107  9057   151  8599
0027:   50  307   20   10 1 |  9075  9025   159  8559
0028:   50  307   20   10 3 |  6827  6777   191  6279
0029:   50  307   20   10 2 |  7736  7686   174  7205
SUM: 9340 98.16 60.44 6246.10 5672.13 0.321
PREPRIO 2
0000:    0  400   50   50 3 |  7398  7398   543  6455
0001:    0  300   40   40 2 |  7520  7520   354  6866
0002:    1  200   30   50 1 |  8293  8292   277  7815
0003:    1  301   20   10 3 |  5086  5085   177  4607
0004:    9  302   20   20 2 |  7437  7428   193  6933
0005:   10  303   15   30 3 |  5664  5654   612  4739
0006:   10  304    5   40 3 |  4399  4389  2136  1949
0007:   11  305   20   40 1 |  9169  9158   430  8423
0008:   20  306   20   10 3 |  5504  5484   164  5014
0009:   50  307   20   10 3 |  5893  5843   136  5400
0010:   50  307   20   10 1 |  9066  9016   177  8532
0011:   50  307   20   10 1 |  9161  9111   137  8667
0012:   50  307   20   10 2 |  7334  7284   140  6837
0013:   50  307   20   10 1 |  9092  9042   177  8558
0014:   50  307   20   10 3 |  5715  5665   159  5199
0015:   50  307   20   10 2 |  7212  7162   183  6672
0016:   50  307   20   10 1 |  9120  9070   178  8585
0017:   50  307   20   10 1 |  9156  9106   133  8666
0018:   50  307   20   10 3 |  5820  5770   189  5274
0019:   50  307   20   10 2 |  7361  7311   181  6823
0020:   50  307   20   10 2 |  7335  7285   144  6834
0021:   50  307   20   10 3 |  5236  5186   180  4699
0022:   50  307   20   10 1 |  9144  9094   154  8633
0023:   50  307   20   10 3 |  5554  5504   196  5001
0024:   50  307   20   10 1 |  9140  9090   123  8660
0025:   50  307   20   10 2 |  7412  7362   188  6867
0026:   50  307   20   10 1 |  9112  9062   136  8619
0027:   50  307   20   10 1 |  9170  9120   140  8673
0028:   50  307   20   10 3 |  5514  5464   191  4966
0029:   50  307   20   10 2 |  7394  7344   178  6859
SUM: 9170 99.98 59.61 7309.97 6727.50 0.327
PREPRIO 1
0000:    0  400   50   50 1 |  9248  9248   369  8479
0001:    0  300   40   40 1 |  9036  9036   177  8559
0002:    1  200   30   50 1 |  6156  6155   277  5678
0003:    1  301   20   10 1 |  8683  8682   131  8250
0004:    9  302   20   20 1 |  8857  8848   261  8285
0005:   10  303   15   30 1 |  8963  8953   598  8052
0006:   10  304    5   40 1 |  9160  9150  2166  6680
0007:   11  305   20   40 1 |  9054  9043   547  8191
0008:   20  306   20   10 1 |  8952  8932   168  8458
0009:   50  307   20   10 1 |  8980  8930   149  8474
0010:   50  307   20   10 1 |  9044  8994   143  8544
0011:   50  307   20   10 1 |  8990  8940   140  8493
0012:   50  307   20   10 1 |  9029  8979   135  8537
0013:   50  307   20   10 1 |  8988  8938   190  8441
0014:   50  307   20   10 1 |  9046  8996   125  8564
0015:   50  307   20   10 1 |  9004  8954   174  8473
0016:   50  307   20   10 1 |  9047  8997   137  8553
0017:   50  307   20   10 1 |  8987  8937   148  8482
0018:   50  307   20   10 1 |  9037  8987   133  8547
0019:   50  307   20   10 1 |  8973  8923   184  8432
0020:   50  307   20   10 1 |  9025  8975   142  8526
0021:   50  307   20   10 1 |  8945  8895   151  8437
0022:   50  307   20   10 1 |  8976  8926   149  8470
0023:   50  307   20   10 1 |  8961  8911   154  8450
0024:   50  307   20   10 1 |  9009  8959   177  8475
0025:   50  307   20   10 1 |  9024  8974   179  8488
0026:   50  307   20   10 1 |  8983  8933   174  8452
0027:   50  307   20   10 1 |  9022  8972   124  8541
0028:   50  307   20   10 1 |  9008  8958   169  8482
0029:   50  307   20   10 1 |  9007  8957   198  8452
SUM: 9248 99.13 58.90 8869.40 8298.17 0.324
