FCFS
0000:    0  399   50   50 2 |   911   911   507     5
0001:    1  300   40   40 4 |   644   643   330    13
0002:    5  200   30   50 2 |   593   588   380     8
0003:    5  301   20   10 4 |   475   470   130    39
0004:    9  302   20   20 4 |   653   644   311    31
0005:   10  303   15   30 1 |   809   799   461    35
0006:   10  304    5   40 3 |     0   -10   815    35
0007:   11  305   20   40 3 |   993   982   647    30
0008:   20  306   20   10 3 |   539   519   162    51
0009:   50  307   20   10 1 |   561   511   157    47
SUM: 993 304.83 392.75 605.70 29.40 1.007
