PRIO 5
0000:    0  399   50   50 3 |  2752  2752   339  2014
0001:    1  300   40   40 2 |  2849  2848   299  2249
0002:    5  200   30   50 1 |  2946  2941   233  2508
0003:    5  301   20   10 3 |  2206  2201   178  1722
0004:    9  302   20   20 2 |  2656  2647   354  1991
0005:   10  303   15   30 3 |  1978  1968   639  1026
0006:   10  304    5   40 3 |  2546  2536  1874   358
0007:   11  305   20   40 1 |  3277  3266   529  2432
0008:   20  306   20   10 3 |  1969  1949   141  1502
0009:   50  307   20   10 3 |  1987  1937   159  1471
SUM: 3277 92.37 83.19 2504.50 1727.30 0.305
