PRIO 2
0000:    0  399   50   50 2 |  2891  2891   418  2074
0001:    1  300   40   40 4 |  1977  1976   232  1444
0002:    5  200   30   50 2 |  2296  2291   243  1848
0003:    5  301   20   10 4 |  1640  1635   117  1217
0004:    9  302   20   20 4 |  1802  1793   231  1260
0005:   10  303   15   30 1 |  3139  3129   511  2315
0006:   10  304    5   40 3 |  3009  2999  2012   683
0007:   11  305   20   40 3 |  2437  2426   641  1480
0008:   20  306   20   10 3 |  2119  2099   124  1669
0009:   50  307   20   10 1 |  2988  2938   195  2436
SUM: 3139 96.43 84.87 2417.70 1642.60 0.319
