LCFS
0000:    0  399   50   50 2 |  1528  1528   304   825
0001:    1  300   40   40 4 |  2738  2737   341  2096
0002:    5  200   30   50 2 |  3021  3016   306  2510
0003:    5  301   20   10 4 |  2813  2808   191  2316
0004:    9  302   20   20 4 |  1723  1714   249  1163
0005:   10  303   15   30 1 |  1920  1910   556  1051
0006:   10  304    5   40 3 |  3953  3943  2097  1542
0007:   11  305   20   40 3 |  1749  1738   633   800
0008:   20  306   20   10 3 |  2816  2796   191  2299
0009:   50  307   20   10 1 |  1766  1716   173  1236
SUM: 3953 76.57 79.53 2390.60 1583.80 0.253
