herehereRR 2
0000:    0  399   50   50 2 |  2500  2500   379  1722
0001:    1  300   40   40 4 |  2131  2130   179  1651
0002:    5  200   30   50 2 |  1645  1640   260  1180
0003:    5  301   20   10 4 |  2094  2089   126  1662
0004:    9  302   20   20 4 |  2272  2263   316  1645
0005:   10  303   15   30 1 |  2469  2459   704  1452
0006:   10  304    5   40 3 |  3310  3300  1972  1024
0007:   11  305   20   40 3 |  2326  2315   506  1504
0008:   20  306   20   10 3 |  2199  2179   149  1724
0009:   50  307   20   10 1 |  2205  2155   148  1700
SUM: 3310 91.45 85.59 2303.00 1526.40 0.302
