RR 5
0000:    0  400   50   50 2 |  6213  6213   365  5448
0001:    0  300   40   40 4 |  5197  5197   207  4690
0002:    1  200   30   50 2 |  3585  3584   247  3137
0003:    1  301   20   10 4 |  5897  5896   185  5410
0004:    9  302   20   20 4 |  5925  5916   332  5282
0005:   10  303   15   30 1 |  6031  6021   454  5264
0006:   10  304    5   40 3 |  7094  7084  2259  4521
0007:   11  305   20   40 3 |  5898  5887   448  5134
0008:   20  306   20   10 3 |  5819  5799   149  5344
0009:   50  307   20   10 1 |  6026  5976   168  5501
0010:   50  307   20   10 1 |  6024  5974   170  5497
0011:   50  307   20   10 3 |  5874  5824   155  5362
0012:   50  307   20   10 3 |  5979  5929   178  5444
0013:   50  307   20   10 4 |  6122  6072   178  5587
0014:   50  307   20   10 4 |  6106  6056   173  5576
0015:   50  307   20   10 2 |  5975  5925   137  5481
0016:   50  307   20   10 2 |  6034  5984   163  5514
0017:   50  307   20   10 2 |  6097  6047   186  5554
0018:   50  307   20   10 4 |  6043  5993   179  5507
0019:   50  307   20   10 4 |  6044  5994   141  5546
0020:   50  307   20   10 1 |  6001  5951   145  5499
0021:   50  307   20   10 1 |  5909  5859   121  5431
0022:   50  307   20   10 3 |  6058  6008   143  5558
0023:   50  307   20   10 2 |  5891  5841   143  5391
0024:   50  307   20   10 2 |  6115  6065   177  5581
0025:   50  307   20   10 1 |  5926  5876   163  5406
0026:   50  307   20   10 3 |  6153  6103   214  5582
0027:   50  307   20   10 1 |  6065  6015   169  5539
0028:   50  307   20   10 3 |  6112  6062   174  5581
0029:   50  307   20   10 4 |  5957  5907   129  5471
SUM: 7094 129.24 76.90 5901.93 5327.93 0.423
