PRIO 5
0000:    0  399   50   50 2 |  3003  3003   500  2104
0001:    1  300   40   40 4 |  2075  2074   187  1587
0002:    5  200   30   50 2 |  2352  2347   413  1734
0003:    5  301   20   10 4 |  1324  1319   152   866
0004:    9  302   20   20 4 |  1121  1112   260   550
0005:   10  303   15   30 1 |  3297  3287   673  2311
0006:   10  304    5   40 3 |  2712  2702  2022   376
0007:   11  305   20   40 3 |  2298  2287   457  1525
0008:   20  306   20   10 3 |  2013  1993   197  1490
0009:   50  307   20   10 1 |  2920  2870   152  2411
SUM: 3297 91.81 85.08 2299.40 1495.40 0.303
