PREPRIO 2
0000:    0  399   50   50 2 |  2866  2866   694  2125
0001:    1  300   40   40 5 |  1108  1107   345   697
0002:    5  200   30   50 3 |  2054  2049   435  1513
0003:    5  301   20   10 2 |  2376  2371   186  1947
0004:    9  302   20   20 5 |   985   976   362   532
0005:   10  303   15   30 2 |  2274  2264   678  1650
0006:   10  304    5   40 2 |  2444  2434  2030  1377
0007:   11  305   20   40 4 |  1802  1791   689  1225
0008:   20  306   20   10 2 |  2507  2487   198  2042
0009:   50  307   20   10 1 |  3070  3020   163  2550
SUM: 3070 98.60 3.16 2136.50 1565.80 0.326
