PREPRIO 4
0000:    0  400   50   50 2 |  7869  7869   366  7276
0001:    0  300   40   40 4 |  2947  2947   317  2371
0002:    1  200   30   50 2 |  6920  6919   388  6488
0003:    1  301   20   10 4 |  2940  2939   206  2536
0004:    9  302   20   20 4 |  2939  2930   337  2434
0005:   10  303   15   30 1 |  8815  8805   571  7935
0006:   10  304    5   40 3 |  2964  2954  2128  1756
0007:   11  305   20   40 3 |  5055  5044   806  4156
0008:   20  306   20   10 3 |  4691  4671   165  4241
0009:   50  307   20   10 1 |  8745  8695   159  8229
0010:   50  307   20   10 1 |  8695  8645   157  8175
0011:   50  307   20   10 3 |  4687  4637   215  4168
0012:   50  307   20   10 3 |  4717  4667   206  4249
0013:   50  307   20   10 4 |  2939  2889   188  2466
0014:   50  307   20   10 4 |  4670  4620   186  4234
0015:   50  307   20   10 2 |  6371  6321   180  5875
0016:   50  307   20   10 2 |  6375  6325   198  5870
0017:   50  307   20   10 2 |  6463  6413   195  5950
0018:   50  307   20   10 4 |  5055  5005   178  4599
0019:   50  307   20   10 4 |  4669  4619   181  4214
0020:   50  307   20   10 1 |  8726  8676   200  8166
0021:   50  307   20   10 1 |  8756  8706   131  8268
0022:   50  307   20   10 3 |  5055  5005   138  4619
0023:   50  307   20   10 2 |  6845  6795   158  6407
0024:   50  307   20   10 2 |  6223  6173   204  5758
0025:   50  307   20   10 1 |  8723  8673   190  8176
0026:   50  307   20   10 3 |  5055  5005   151  4565
0027:   50  307   20   10 1 |  8670  8620   161  8150
0028:   50  307   20   10 3 |  4691  4641   159  4207
0029:   50  307   20   10 4 |  2940  2890   128  2510
SUM: 8815 104.00 1.34 5769.93 5268.27 0.340
