RR 2
0000:    0  400   50   50 2 |  7413  7413   405  6608
0001:    0  300   40   40 4 |  6772  6772   243  6229
0002:    1  200   30   50 2 |  4642  4641   351  4090
0003:    1  301   20   10 4 |  6877  6876   195  6380
0004:    9  302   20   20 4 |  7164  7155   338  6515
0005:   10  303   15   30 1 |  7232  7222   543  6376
0006:   10  304    5   40 3 |  7956  7946  2147  5495
0007:   11  305   20   40 3 |  7217  7206   539  6362
0008:   20  306   20   10 3 |  7009  6989   139  6544
0009:   50  307   20   10 1 |  7045  6995   133  6555
0010:   50  307   20   10 1 |  7112  7062   137  6618
0011:   50  307   20   10 3 |  7187  7137   150  6680
0012:   50  307   20   10 3 |  7173  7123   155  6661
0013:   50  307   20   10 4 |  7152  7102   161  6634
0014:   50  307   20   10 4 |  7124  7074   171  6596
0015:   50  307   20   10 2 |  7083  7033   135  6591
0016:   50  307   20   10 2 |  7093  7043   125  6611
0017:   50  307   20   10 2 |  7147  7097   165  6625
0018:   50  307   20   10 4 |  7201  7151   173  6671
0019:   50  307   20   10 4 |  7188  7138   130  6701
0020:   50  307   20   10 1 |  7203  7153   180  6666
0021:   50  307   20   10 1 |  7104  7054   173  6574
0022:   50  307   20   10 3 |  7097  7047   137  6603
0023:   50  307   20   10 2 |  7117  7067   152  6608
0024:   50  307   20   10 2 |  7231  7181   240  6634
0025:   50  307   20   10 1 |  7175  7125   120  6698
0026:   50  307   20   10 3 |  7186  7136   107  6722
0027:   50  307   20   10 1 |  7170  7120   146  6667
0028:   50  307   20   10 3 |  7193  7143   179  6657
0029:   50  307   20   10 4 |  7162  7112   160  6645
SUM: 7956 115.23 70.12 7043.77 6467.20 0.377
