FCFS
0000:    0  400   50   50 2 |  1049  1049   422   227
0001:    0  300   40   40 4 |   890   890   351   239
0002:    1  200   30   50 2 |   675   674   277   197
0003:    1  301   20   10 4 |   838   837   129   407
0004:    9  302   20   20 4 |  1074  1065   320   443
0005:   10  303   15   30 1 |  1393  1383   708   372
0006:   10  304    5   40 3 |  2862  2852  2140   408
0007:   11  305   20   40 3 |  1349  1338   709   324
0008:   20  306   20   10 3 |   825   805   106   393
0009:   50  307   20   10 1 |   956   906   160   439
0010:   50  307   20   10 1 |   993   943   160   476
0011:   50  307   20   10 3 |  1015   965   147   511
0012:   50  307   20   10 3 |   962   912   144   461
0013:   50  307   20   10 4 |   879   829   134   388
0014:   50  307   20   10 4 |   943   893   141   445
0015:   50  307   20   10 2 |   985   935   150   478
0016:   50  307   20   10 2 |   982   932   158   467
0017:   50  307   20   10 2 |  1024   974   152   515
0018:   50  307   20   10 4 |  1055  1005   161   537
0019:   50  307   20   10 4 |   951   901   154   440
0020:   50  307   20   10 1 |  1001   951   152   492
0021:   50  307   20   10 1 |   975   925   143   475
0022:   50  307   20   10 3 |   963   913   141   465
0023:   50  307   20   10 2 |  1027   977   160   510
0024:   50  307   20   10 2 |   993   943   146   490
0025:   50  307   20   10 1 |  1047   997   161   529
0026:   50  307   20   10 3 |  1050  1000   166   527
0027:   50  307   20   10 1 |  1002   952   154   491
0028:   50  307   20   10 3 |  1044   994   164   523
0029:   50  307   20   10 4 |  1038   988   173   508
SUM: 2862 320.34 292.91 1024.27 439.23 1.048
