PREPRIO 4
0000:    0  399   50   50 2 |  2448  2448   451  1864
0001:    1  300   40   40 4 |  1474  1473   294  1099
0002:    5  200   30   50 2 |  2180  2175   533  1697
0003:    5  301   20   10 4 |  1318  1313   137   949
0004:    9  302   20   20 4 |  1324  1315   349   834
0005:   10  303   15   30 1 |  3042  3032   574  2153
0006:   10  304    5   40 3 |  1490  1480  2016   523
0007:   11  305   20   40 3 |  1858  1847   434  1517
0008:   20  306   20   10 3 |  1474  1454   216  1013
0009:   50  307   20   10 1 |  2769  2719   162  2246
SUM: 3042 99.51 0.69 1925.60 1389.50 0.329
