PREPRIO 2
0000:    0  400   50   50 2 |  8392  8392   548  7727
0001:    0  300   40   40 5 |  2979  2979   541  2306
0002:    1  200   30   50 3 |  5184  5183   433  4605
0003:    1  301   20   10 2 |  7834  7833   153  7409
0004:    9  302   20   20 5 |  2514  2505   294  2015
0005:   10  303   15   30 2 |  7520  7510   632  6786
0006:   10  304    5   40 2 |  5773  5763  2081  4407
0007:   11  305   20   40 4 |  3937  3926   670  3183
0008:   20  306   20   10 2 |  6875  6855   223  6376
0009:   50  307   20   10 1 |  9089  9039   147  8585
0010:   50  307   20   10 4 |  4878  4828   175  4397
0011:   50  307   20   10 4 |  4878  4828   144  4424
0012:   50  307   20   10 1 |  9084  9034   182  8545
0013:   50  307   20   10 4 |  3529  3479   170  3048
0014:   50  307   20   10 1 |  9086  9036   147  8582
0015:   50  307   20   10 2 |  7206  7156   215  6676
0016:   50  307   20   10 2 |  8056  8006   178  7570
0017:   50  307   20   10 4 |  2529  2479   201  2028
0018:   50  307   20   10 2 |  7262  7212   200  6738
0019:   50  307   20   10 1 |  9088  9038   150  8581
0020:   50  307   20   10 4 |  4878  4828   207  4378
0021:   50  307   20   10 5 |  2515  2465   186  2013
0022:   50  307   20   10 4 |  3539  3489   217  3029
0023:   50  307   20   10 5 |  2513  2463   180  2022
0024:   50  307   20   10 2 |  6495  6445   207  5952
0025:   50  307   20   10 2 |  7789  7739   147  7337
0026:   50  307   20   10 3 |  5658  5608   183  5186
0027:   50  307   20   10 5 |  4496  4446   175  4004
0028:   50  307   20   10 2 |  6877  6827   177  6344
0029:   50  307   20   10 2 |  7395  7345   183  6898
SUM: 9089 100.87 1.43 5891.20 5371.70 0.330
