3PRIO 5
0000:    0  400   50   50 2 |  8615  8615   315  7900
0001:    0  300   40   40 4 |  6291  6291   233  5758
0002:    1  200   30   50 2 |  7494  7493   302  6991
0003:    1  301   20   10 4 |  2628  2627   165  2161
0004:    9  302   20   20 4 |  2879  2870   267  2301
0005:   10  303   15   30 1 |  9166  9156   653  8200
0006:   10  304    5   40 3 |  3250  3240  2192   744
0007:   11  305   20   40 3 |  5948  5937   623  5009
0008:   20  306   20   10 3 |  6253  6233   155  5772
0009:   50  307   20   10 1 |  9144  9094   135  8652
0010:   50  307   20   10 1 |  9150  9100   132  8661
0011:   50  307   20   10 3 |  6645  6595   178  6110
0012:   50  307   20   10 3 |  5765  5715   187  5221
0013:   50  307   20   10 4 |  2973  2923   105  2511
0014:   50  307   20   10 4 |  2175  2125   135  1683
0015:   50  307   20   10 2 |  7441  7391   188  6896
0016:   50  307   20   10 2 |  7489  7439   183  6949
0017:   50  307   20   10 2 |  7595  7545   144  7094
0018:   50  307   20   10 4 |  2624  2574   229  2038
0019:   50  307   20   10 4 |  2401  2351   145  1899
0020:   50  307   20   10 1 |  9106  9056   145  8604
0021:   50  307   20   10 1 |  9157  9107   150  8650
0022:   50  307   20   10 3 |  5321  5271   167  4797
0023:   50  307   20   10 2 |  7545  7495   214  6974
0024:   50  307   20   10 2 |  7500  7450   131  7012
0025:   50  307   20   10 1 |  9154  9104   143  8654
0026:   50  307   20   10 3 |  6625  6575   139  6129
0027:   50  307   20   10 1 |  9172  9122   177  8638
0028:   50  307   20   10 3 |  6025  5975   177  5491
0029:   50  307   20   10 4 |  2597  2547   115  2125
SUM: 9172 99.96 62.69 6233.87 5654.13 0.327
