PRIO 10000
0000:    0  399   50   50 2 |  2340  2340   405  1536
0001:    1  300   40   40 4 |   902   901   367   234
0002:    5  200   30   50 2 |  2174  2169   310  1659
0003:    5  301   20   10 4 |   920   915   131   483
0004:    9  302   20   20 4 |  1127  1118   298   518
0005:   10  303   15   30 1 |  3146  3136   523  2310
0006:   10  304    5   40 3 |  3886  3876  2011  1561
0007:   11  305   20   40 3 |  2073  2062   514  1243
0008:   20  306   20   10 3 |  1791  1771   155  1310
0009:   50  307   20   10 1 |  2824  2774   164  2303
SUM: 3886 77.90 80.44 2106.20 1315.70 0.257
