PREPRIO 2
0000:    0  399   50   50 2 |  2952  2952   356  2197
0001:    1  300   40   40 5 |  1672  1671   216  1155
0002:    5  200   30   50 3 |  1883  1878   265  1413
0003:    5  301   20   10 2 |  2557  2552   137  2114
0004:    9  302   20   20 5 |  1356  1347   348   697
0005:   10  303   15   30 2 |  2722  2712   516  1893
0006:   10  304    5   40 2 |  3625  3615  2235  1076
0007:   11  305   20   40 4 |  1810  1799   451  1043
0008:   20  306   20   10 2 |  2559  2539   167  2066
0009:   50  307   20   10 1 |  3001  2951   197  2447
SUM: 3625 83.50 84.25 2401.60 1610.10 0.276
