PREPRIO 4
0000:    0  399   50   50 2 |  2919  2919   383  2137
0001:    1  300   40   40 4 |  2118  2117   362  1455
0002:    5  200   30   50 2 |  2468  2463   340  1923
0003:    5  301   20   10 4 |  1669  1664   155  1208
0004:    9  302   20   20 4 |  1690  1681   314  1065
0005:   10  303   15   30 1 |  3235  3225   608  2314
0006:   10  304    5   40 3 |  2762  2752  2106   342
0007:   11  305   20   40 3 |  2315  2304   587  1412
0008:   20  306   20   10 3 |  2024  2004   180  1518
0009:   50  307   20   10 1 |  2978  2928   197  2424
SUM: 3235 93.57 86.65 2405.70 1579.80 0.309
